[gd_scene load_steps=6 format=3 uid="uid://coyd7blrkj2f8"]

[ext_resource type="Script" path="res://levels/practice_room/camera_rig.gd" id="1_6g22g"]
[ext_resource type="PackedScene" uid="uid://ggjqnr7jy424" path="res://levels/practice_room/Box.tscn" id="1_43ptd"]
[ext_resource type="PackedScene" uid="uid://dvkiaxspfn6cj" path="res://characters/Players/Stave.tscn" id="2_cfoec"]

[sub_resource type="BoxMesh" id="BoxMesh_7e2qp"]
size = Vector3(50, 1, 50)

[sub_resource type="BoxShape3D" id="BoxShape3D_upfsk"]
size = Vector3(50, 1, 50)

[node name="practice_room" type="Node3D"]

[node name="CameraRig" type="Node3D" parent="."]
script = ExtResource("1_6g22g")

[node name="Camera" type="Camera3D" parent="CameraRig"]

[node name="Floor" type="StaticBody3D" parent="."]
transform = Transform3D(0.707107, 0, 0.707107, 0, 1, 0, -0.707107, 0, 0.707107, 0, -0.5, 0)
metadata/_edit_group_ = true

[node name="MeshInstance3D" type="MeshInstance3D" parent="Floor"]
mesh = SubResource("BoxMesh_7e2qp")

[node name="CollisionShape3D" type="CollisionShape3D" parent="Floor"]
shape = SubResource("BoxShape3D_upfsk")

[node name="DirectionalLight3D" type="DirectionalLight3D" parent="."]
transform = Transform3D(1, 0, 0, 0, 0.357048, 0.934086, 0, -0.934086, 0.357048, 0, 7.07194, 8.94552)
shadow_enabled = true

[node name="Player" parent="." instance=ExtResource("2_cfoec")]
transform = Transform3D(1, 0, 0, 0, 1, 0, 0, 0, 1, 3.1445, 1.83423, 0)

[node name="Boxs" type="Node3D" parent="."]
transform = Transform3D(1, 0, 0, 0, 1, 0, 0, 0, 1, 0, 0, 5.80813)

[node name="Box_1" parent="Boxs" instance=ExtResource("1_43ptd")]
transform = Transform3D(1, 0, 0, 0, 0.878567, 0.477619, 0, -0.477619, 0.878567, -0.0280013, 3.8495, -2.72754)

[node name="Box_2" parent="Boxs" instance=ExtResource("1_43ptd")]
transform = Transform3D(1, 0, 0, 0, 0.878567, 0.477619, 0, -0.477619, 0.878567, 0, 2.22481, 2.48811)
